296
038
413
209
073
271
359
292
071
017
132
008
357
276
069
003
361
030
195
305
100
294
155
163
190
250
299
015
237
026
077
278
165
407
089
264
249
379
018
079
171
010
031
347
094
120
043
004
061
153
222
331
213
102
148
027
323
127
242
189
389
315
110
178
150
308
402
335
321
369
130
275
233
388
076
311
240
400
234
277
247
188
313
082
090
418
114
136
204
387
159
057
012
343
107
257
047
287
169
002
266
261
253
230
416
037
219
156
244
412
288
129
403
036
126
064
297
218
280
364
080
363
093
160
119
011
382
070
092
118
116
301
140
072
146
399
338
164
125
228
166
217
226
095
345
122
337
232
391
138
065
316
046
327
351
284
052
368
199
029
045
207
390
258
181
350
215
339
241
005
117
265
270
246
380
201
245
133
145
066
205
221
290
187
318
034
200
016
060
283
375
184
168
158
349
007
269
285
381
074
386
212
225
206
062
009
053
385
083
340
366
286
063
376
123
408
013
032
243
162
251
415
135
289
279
211
267
098
121
177
001
332
411
420
104
344
086
260
196
223
336
220
105
303
367
302
312
414
238
210
342
310
198
378
341
019
051
324
365
272
393
227
236
142
111
124
360
022
020
282
109
255
330
358
322
167
377
054
346
115
419
194
179
384
041
049
304
235
298
404
317
397
259
059
176
197
333
263
058
149
091
075
306
143
175
307
326
356
096
033
056
309
293
352
078
262
128
410
248
183
023
035
157
048
274
113
040
055
354
087
134
409
421
252
406
173
185
139
088
329
085
024
300
371
161
254
398
101
081
154
372
370
320
396
170
067
131
182
239
295
417
273
141
392
106
229
373
256
355
395
050
108
028
186
374